euro
19999999999999999999999999999999999393833189584
19999999999999999999999999999999999999999999996
19999999999999999999999999999999999999999999999
19999999999999999999999999999999999999999999999
19999999999999999999999999999999999999999999999
19999999999999999999999999999999999999999999999
19999999999999999999999999999999999999999999999
19999999999999999999999999999999999999999999995
dolar
19999999999999999999999999999999976787845438766
20000000000000000000000000000000000000000000000
20000000000000000000000000000000000000000000000
19999999999999999999999999999999999999999999999
20000000000000000000000000000000000000000000000
19999999999999999999999999999999999999999999997
yen
20000000000000000000000000000000000000000000000
20000000000000000000000000000000000000000000000
20000000000000000000000000000000000000000000000
20000000000000000000000000000000000000000000000
20000000000000000000000000000000000000000000000
20000000000000000000000000000000000000000000000
